50 första
113605 0.008825540605491214
174465 0.0076402225889912485
51553 0.005399755663249572
865076 0.003019231250698891
50673 0.0030062994815927865
51163 0.0025933804498744664
7134 0.0023837913270189724
946809 0.0018948594068329226
724175 0.00189091270947912
54274 0.0018190542335043617
51575 0.0017224638923364133
54878 0.0017037975566391225
81383 0.0016884928349364336
1068408 0.001650633358828563
406228 0.001607796593219031
865079 0.001588983962316932
938362 0.0015431659074202526
69281 0.0015430104787684583
51527 0.0014944774275157022
1103313 0.0014757493698063656
50732 0.0014501102401128538
591587 0.0014026224396773833
517649 0.001390044928984669
227559 0.00128411417133077
110193 0.0011445335243999346
972752 0.0011203643784201656
50676 0.0011076942888908685
58043 0.0010663330026195162
51776 0.001055212005667212
74905 0.001035841931054985
459209 0.0010310605014751185
50627 0.001021001152821029
498652 9.819513898566372E-4
1081 9.513074443842804E-4
423818 9.465124834940815E-4
2022 9.273053169894863E-4
836 9.09855182990875E-4
459421 8.872090416668513E-4
66482 8.770799825606917E-4
499414 8.682419197918612E-4
73797 8.388911847286394E-4
82131 8.31061107996649E-4
628 8.263380933401394E-4
2634 8.257872461915187E-4
522 8.180456331413813E-4
951521 7.908116414356933E-4
55124 7.863664476955878E-4
51533 7.861508257782754E-4
1101476 7.366469806864997E-4
111478 7.221530053584798E-4
50 sista
998999 1.5613192523154363E-7
998998 1.5613192523154363E-7
998997 1.5613192523154363E-7
998996 1.5613192523154363E-7
998995 1.5613192523154363E-7
998993 1.5613192523154363E-7
998989 1.5613192523154363E-7
998988 1.5613192523154363E-7
998987 1.5613192523154363E-7
998986 1.5613192523154363E-7
998985 1.5613192523154363E-7
998984 1.5613192523154363E-7
998983 1.5613192523154363E-7
998982 1.5613192523154363E-7
998981 1.5613192523154363E-7
998980 1.5613192523154363E-7
998979 1.5613192523154363E-7
998978 1.5613192523154363E-7
998977 1.5613192523154363E-7
998976 1.5613192523154363E-7
998975 1.5613192523154363E-7
998974 1.5613192523154363E-7
998973 1.5613192523154363E-7
998972 1.5613192523154363E-7
998971 1.5613192523154363E-7
998970 1.5613192523154363E-7
998969 1.5613192523154363E-7
998968 1.5613192523154363E-7
998967 1.5613192523154363E-7
998966 1.5613192523154363E-7
998965 1.5613192523154363E-7
998964 1.5613192523154363E-7
998963 1.5613192523154363E-7
998962 1.5613192523154363E-7
998961 1.5613192523154363E-7
998960 1.5613192523154363E-7
998959 1.5613192523154363E-7
998958 1.5613192523154363E-7
998953 1.5613192523154363E-7
998951 1.5613192523154363E-7
998950 1.5613192523154363E-7
998943 1.5613192523154363E-7
998932 1.5613192523154363E-7
998930 1.5613192523154363E-7
998929 1.5613192523154363E-7
998928 1.5613192523154363E-7
998915 1.5613192523154363E-7
998913 1.5613192523154363E-7
998910 1.5613192523154363E-7
998907 1.5613192523154363E-7
